Year	mil0021	mil0025	mil0026
800	281.78207	279.9454	280.7728
801	281.42374	280.79825	279.89127
802	280.24139	281.8212	280.40826
803	280.07611	281.10416	281.06454
804	281.19556	280.9057	281.42538
805	281.21841	281.4816	281.79575
806	279.68338	281.15338	281.99197
807	281.06268	280.63882	281.9772
808	280.96533	281.24646	281.67764
809	280.40237	282.16525	281.86765
810	281.74548	281.35663	281.72189
811	282.33939	280.05344	282.29013
812	281.1514	281.5213	281.78958
813	280.55002	281.48984	281.78061
814	281.32556	280.59979	282.34619
815	281.01236	280.66336	281.89594
816	280.51144	281.4325	280.43259
817	281.42844	281.26456	281.03
818	282.44012	279.91907	281.12662
819	280.86404	281.09818	279.64359
820	279.85294	281.17245	279.37036
821	280.4039	280.0155	280.78726
822	281.14023	280.31076	281.34708
823	280.70926	282.33649	281.15009
824	280.96826	281.60098	280.95807
825	281.3876	280.09094	280.25433
826	282.52744	280.66025	280.509
827	281.03891	280.76047	281.35861
828	279.41071	280.60181	281.05533
829	280.85342	281.67496	280.48276
830	281.285	281.18378	281.81482
831	280.12234	281.2709	280.67456
832	281.01437	282.13034	279.92996
833	281.16989	282.45462	281.3125
834	279.99078	281.38922	281.25266
835	280.35709	280.64789	279.84299
836	280.70926	281.186	280.10776
837	279.86594	281.12381	281.54971
838	280.85623	280.76245	280.98813
839	281.06662	281.50037	279.79169
840	279.34164	281.27142	281.04288
841	280.78976	280.33215	280.47858
842	281.23288	280.04123	279.86526
843	280.03827	280.21341	280.423
844	278.77734	281.00064	280.75879
845	280.11938	280.70944	279.75058
846	280.44995	279.90683	280.54266
847	279.36285	280.55045	280.84518
848	279.75626	280.11798	279.38168
849	280.18661	278.96674	279.66751
850	279.70059	279.3475	280.26462
851	280.7536	280.44376	279.60251
852	280.90762	280.68024	279.83517
853	279.74408	280.86948	281.2421
854	279.89755	280.29791	280.76892
855	281.19083	281.19785	280.40359
856	280.05563	281.17468	280.91397
857	279.37375	279.86368	280.4834
858	280.06223	279.75912	279.33383
859	279.73917	280.61075	280.32761
860	279.09528	280.35959	280.46643
861	280.73849	280.70459	279.14612
862	281.29514	281.21686	279.65201
863	279.78098	279.9826	281.01663
864	280.19754	280.22263	280.86398
865	280.73209	280.70822	279.58047
866	279.76352	279.79871	280.50797
867	279.3876	280.30966	280.77866
868	279.87094	280.74875	280.10526
869	280.66348	280.10287	280.97885
870	279.92468	279.47626	281.19785
871	281.05563	279.15417	280.12585
872	281.31223	280.23364	279.67386
873	279.86929	280.5759	280.64301
874	280.02579	279.33768	281.05795
875	280.92007	279.42014	280.24753
876	280.0282	280.54202	281.40659
877	278.99225	280.3093	281.57877
878	280.56589	280.50961	280.50681
879	281.12015	281.37601	280.63312
880	280.26071	280.83151	281.68579
881	279.67416	280.02963	280.6691
882	281.41928	280.06961	279.89917
883	281.42285	280.43082	280.17215
884	280.47733	281.19049	281.4451
885	281.35922	281.83951	280.97702
886	281.48746	281.8465	280.69131
887	280.4126	282.17819	281.64639
888	280.60352	281.46851	280.73245
889	281.24026	280.57889	279.93326
890	280.40622	280.7095	281.75513
891	279.63748	280.54617	281.05685
892	280.3718	279.97507	280.36514
893	281.1506	281.16492	280.85049
894	280.50082	279.8949	281.83932
895	280.63852	279.48038	282.1293
896	281.66296	280.12149	280.92093
897	281.33481	280.18253	281.92709
898	280.5596	279.71155	282.1337
899	280.75626	280.51654	280.7233
900	282.04984	280.63852	281.13297
901	280.96722	280.42682	281.28006
902	279.45627	280.73816	280.42725
903	280.42465	281.81152	280.69809
904	280.40414	281.38678	280.85776
905	280.39444	280.34021	280.78391
906	281.49716	280.30142	281.80453
907	280.61441	280.68362	281.13193
908	279.76025	279.87857	279.78461
909	281.03503	281.33261	280.08603
910	281.43448	281.7695	281.06442
911	280.11081	280.38303	281.11942
912	279.60519	280.5907	280.53632
913	280.51602	281.83487	280.56192
914	280.88028	281.52332	281.45364
915	280.49881	280.93112	281.34644
916	279.99692	281.4599	279.98935
917	280.2363	281.92776	280.58737
918	281.28549	280.96878	280.54105
919	280.63263	280.42361	279.54898
920	280.17542	281.74698	280.23187
921	280.89194	281.24875	280.15421
922	280.5278	280.49835	280.46429
923	278.99149	281.11197	280.4664
924	280.37625	280.63925	280.16318
925	280.42703	280.90479	280.27802
926	279.95932	281.03793	280.38654
927	280.19659	280.23007	280.82278
928	281.23099	279.7933	282.64322
929	281.05679	280.75681	281.65051
930	280.63339	280.63879	279.49374
931	281.24454	280.99435	280.99023
932	280.55313	281.35953	280.814
933	280.27219	280.6528	279.02548
934	281.18796	281.20648	279.81808
935	280.0867	281.40668	279.96811
936	278.85132	281.2876	279.21442
937	279.46133	281.83154	280.25018
938	280.51785	282.21567	280.71841
939	280.29248	281.5159	280.41037
940	280.20847	280.79718	280.92316
941	280.52261	281.43747	280.9866
942	280.14526	281.4462	280.379
943	281.17487	280.43179	280.72665
944	281.7756	280.20233	281.89255
945	280.48813	280.6355	281.4892
946	280.19852	281.19635	281.22812
947	280.43842	280.51169	281.66196
948	280.16257	279.71701	281.21024
949	279.84821	279.77713	280.88266
950	280.03909	280.53885	281.42752
951	279.76419	280.34964	281.01663
952	279.49176	280.3522	281.02957
953	280.16119	281.56198	280.77954
954	280.02295	281.02859	280.17847
955	281.28482	279.92776	280.15308
956	281.44327	280.24243	280.58746
957	279.94897	280.36133	281.89539
958	280.69531	279.53555	281.02017
959	280.92435	280.80951	279.86966
960	280.93372	281.58652	280.91718
961	281.18375	280.38644	280.62997
962	280.48071	280.12827	280.34354
963	280.60941	281.58365	280.39899
964	281.69858	281.37027	281.15829
965	280.72873	279.62793	280.75043
966	279.56729	279.00858	281.0611
967	280.47162	279.67661	281.8602
968	281.16611	280.43869	281.13892
969	279.39685	280.88251	279.70963
970	281.04694	282.23514	280.75443
971	281.19485	282.2659	280.95847
972	280.77499	280.37558	280.4382
973	281.89023	280.07291	280.64917
974	280.82611	280.59818	280.81183
975	279.87421	280.02692	281.10596
976	281.08182	279.94595	280.56717
977	280.77768	279.66864	279.87619
978	280.04779	279.77219	280.11691
979	280.18073	281.116	280.48135
980	281.18973	281.18784	280.86496
981	281.42575	279.82141	280.55765
982	281.17319	279.97626	279.75424
983	282.04483	280.48685	280.27975
984	281.86063	279.90921	279.79233
985	280.89029	280.59683	279.43118
986	281.59372	280.39774	280.76239
987	281.16116	279.34442	281.25296
988	279.71024	278.87418	279.60226
989	280.85025	280.49988	279.52457
990	280.97507	281.15671	281.15207
991	279.54196	280.48355	280.98514
992	279.67551	279.43451	279.68832
993	280.28867	280.55783	278.91153
994	279.28561	281.05313	279.53772
995	278.92844	279.83762	280.79178
996	280.23685	279.29532	281.08249
997	280.89493	279.54474	280.09702
998	279.91422	278.50449	280.16473
999	279.20096	278.64487	281.35297
1000	279.7948	279.53714	280.26505
1001	279.45889	279.75385	279.19962
1002	278.83829	279.88559	279.74509
1003	280.22995	280.14206	280.08707
1004	281.00598	281.38828	279.94138
1005	279.99197	280.20078	279.79233
1006	280.71164	279.42255	280.45749
1007	280.68283	281.16296	280.10757
1008	280.25018	281.02255	278.50729
1009	280.92728	279.82437	278.88843
1010	280.79358	281.18784	279.88901
1011	280.51273	281.13498	279.76056
1012	281.75323	279.2883	279.00879
1013	281.43375	280.64215	279.75491
1014	280.31223	280.86514	280.34476
1015	281.20844	279.56699	279.62271
1016	281.44763	279.49179	279.54257
1017	280.91147	281.30746	280.31924
1018	281.20901	281.32544	279.56015
1019	280.65335	280.2522	280.17477
1020	280.51608	281.01309	280.78986
1021	281.20407	281.46207	281.23508
1022	280.74234	280.827	280.5238
1023	280.13821	279.85983	279.13989
1024	280.6138	279.25775	279.74826
1025	281.11066	279.02023	280.5643
1026	280.09857	279.0607	280.1651
1027	280.32233	280.18326	280.10922
1028	280.39951	280.41574	279.88904
1029	278.73477	279.20407	279.5444
1030	278.41391	279.82733	280.32104
1031	280.08255	280.51825	280.21405
1032	279.75272	279.96042	279.27759
1033	279.11749	280.48944	280.21408
1034	280.22543	281.69708	280.15994
1035	279.39023	281.64017	278.94992
1036	278.89139	280.05679	279.48264
1037	280.04507	279.67883	280.39828
1038	280.40775	281.30524	278.93027
1039	278.9949	280.8782	278.8219
1040	279.77939	279.1731	279.88312
1041	280.02893	280.19534	279.4563
1042	278.7637	279.98972	278.1022
1043	278.46036	278.61365	278.82199
1044	279.58719	279.18887	279.54819
1045	279.660	280.33432	279.56552
1046	278.80679	279.11697	280.03162
1047	279.18472	278.54129	279.68741
1048	280.38745	278.86948	279.93286
1049	279.71481	279.48083	279.84921
1050	278.87546	279.74896	278.81567
1051	280.14267	279.98257	278.25052
1052	279.75189	280.98401	278.74289
1053	278.4971	279.9863	279.24371
1054	278.85529	278.94992	278.77582
1055	279.36124	279.74908	278.90378
1056	279.37634	280.04135	279.93536
1057	279.61288	278.94016	279.40414
1058	281.22104	279.04996	279.46664
1059	280.82877	279.64651	280.47275
1060	279.64584	279.09058	279.63504
1061	280.18912	278.28708	278.2381
1062	280.72266	278.89664	278.69348
1063	279.64709	280.02805	279.3569
1064	279.70834	279.52542	277.81528
1065	279.63043	278.54883	278.53586
1066	279.38528	280.16959	280.2319
1067	279.11618	280.28687	279.83472
1068	280.1221	279.56525	278.4404
1069	280.46329	280.48981	278.28232
1070	280.45709	280.24512	278.63217
1071	279.92755	279.68411	278.38498
1072	279.92996	279.52554	278.65652
1073	280.67078	279.0368	279.43195
1074	281.02124	279.40109	279.55438
1075	279.586	280.09415	278.27438
1076	279.21454	279.67673	278.64993
1077	280.40836	279.55933	279.31808
1078	280.11551	279.68417	278.56247
1079	279.10828	279.21008	278.22858
1080	279.52975	279.28696	279.39682
1081	279.46024	280.49686	279.92426
1082	278.93228	279.7449	279.13669
1083	278.9325	279.11246	278.72394
1084	281.01859	279.89716	279.2258
1085	281.34109	279.81271	278.93988
1086	280.34689	279.13104	279.65048
1087	280.59708	279.64035	280.32693
1088	281.70047	280.2738	280.84616
1089	281.39609	279.05624	280.33228
1090	280.16537	278.75375	279.35248
1091	280.02774	279.50436	280.33493
1092	279.76523	279.30847	280.43121
1093	279.25296	279.00385	279.46878
1094	279.37234	279.50632	278.53809
1095	280.02496	279.69519	279.23471
1096	279.96457	278.8457	280.09866
1097	279.8461	279.98291	280.59717
1098	281.58566	280.08408	280.50635
1099	281.29578	278.8071	280.68558
1100	279.27866	279.75339	280.75305
1101	280.43359	280.561	280.76178
1102	280.75903	279.6163	279.88739
1103	280.23068	280.42395	280.33603
1104	280.59158	280.06418	281.37949
1105	281.08624	279.42358	280.96271
1106	280.01047	280.3837	279.65454
1107	279.41763	280.66483	280.72604
1108	279.68253	279.12869	281.53839
1109	281.13412	280.40152	280.2128
1110	280.92514	281.12314	279.99936
1111	280.53867	279.60864	281.08847
1112	282.07324	279.11279	281.18594
1113	281.61496	280.68402	280.04251
1114	279.49899	280.79605	280.30014
1115	279.94363	280.01575	280.5827
1116	281.04355	281.03769	279.24356
1117	279.90012	280.83249	279.13507
1118	280.53387	280.49466	279.84424
1119	281.76901	281.82651	279.51859
1120	281.44952	281.69431	279.91806
1121	280.28363	279.9953	280.73508
1122	280.81595	281.23221	280.28159
1123	280.87057	281.28738	279.76968
1124	281.02402	280.50375	280.56961
1125	281.8685	280.95773	280.26392
1126	281.95523	280.81604	278.85071
1127	281.72879	280.95731	279.6752
1128	281.52335	282.0423	281.1369
1129	280.38406	281.50635	280.32849
1130	280.78302	280.88748	279.5748
1131	281.35562	281.29248	281.10184
1132	280.87106	281.31979	281.46274
1133	281.88766	280.26999	279.96292
1134	282.4072	280.40387	279.94821
1135	281.83942	282.39951	281.26627
1136	282.24271	281.84903	280.94772
1137	282.58084	281.01627	280.96893
1138	281.92889	280.92703	281.7438
1139	282.45001	280.69455	281.44009
1140	282.46899	281.23694	280.49319
1141	282.46545	282.38953	281.98965
1142	282.30371	281.97589	283.04282
1143	280.85941	281.28986	281.86649
1144	281.89169	281.63306	281.36981
1145	281.93576	281.05255	282.36972
1146	281.0661	281.71448	281.81531
1147	282.48123	281.2872	281.11835
1148	282.8454	280.5293	282.34329
1149	282.27972	280.97043	283.02277
1150	282.37473	281.26132	281.93967
1151	283.17551	280.26175	281.72678
1152	283.30457	280.88034	281.70285
1153	282.72491	281.25052	281.20383
1154	283.06012	280.82071	281.3468
1155	282.46396	281.7153	281.53537
1156	282.79999	281.25098	281.18808
1157	282.40643	279.68723	280.83347
1158	281.31882	281.06454	282.01062
1159	281.66125	281.34805	281.51089
1160	283.4628	280.93661	280.51205
1161	282.78317	280.96542	281.93222
1162	281.29715	280.01688	282.29987
1163	281.65866	279.60114	281.34082
1164	281.67953	281.28662	281.35233
1165	280.95963	281.93359	282.10962
1166	282.25333	281.2438	281.60764
1167	282.9444	280.45087	280.55923
1168	282.00299	281.91095	281.46115
1169	282.03775	282.29718	281.98209
1170	283.33603	281.23581	282.08347
1171	282.52533	281.24908	282.0903
1172	281.92343	282.07162	281.42514
1173	282.80347	282.27274	281.96225
1174	282.93503	282.73221	282.07364
1175	281.66656	283.20773	281.65292
1176	281.16177	282.13626	281.37616
1177	282.07693	282.24228	282.44043
1178	281.71881	283.02646	281.28851
1179	281.54349	282.71762	279.78384
1180	282.96667	282.48904	280.52615
1181	283.08868	282.7291	282.07257
1182	282.03702	283.02463	281.71429
1183	283.28101	282.30576	281.57175
1184	282.40262	282.74216	281.98318
1185	280.86502	282.64111	282.04266
1186	282.40091	282.69901	282.30228
1187	282.58334	282.17767	281.78668
1188	281.49274	281.40836	280.92657
1189	282.85361	281.75638	280.50125
1190	283.36121	283.06857	281.71841
1191	282.10886	282.08765	282.28262
1192	282.66467	280.79379	282.32617
1193	283.11755	282.43149	282.18118
1194	282.4744	281.8103	283.09232
1195	282.73318	280.81827	281.88028
1196	282.55484	281.57135	280.40359
1197	281.4697	282.33603	280.46506
1198	281.88354	281.74942	281.61679
1199	283.07291	282.83548	281.3309
1200	282.16437	282.74176	281.31363
1201	281.02505	282.02762	282.64462
1202	282.22952	282.31522	282.4187
1203	282.13559	282.05927	281.94061
1204	281.77426	282.3093	283.0239
1205	282.2374	282.42523	282.29205
1206	282.67444	282.44159	281.55228
1207	282.04169	282.64703	281.28189
1208	281.73422	282.7518	281.96454
1209	281.86127	282.29218	282.37299
1210	282.15164	281.61978	281.90845
1211	281.30548	281.69742	282.67624
1212	280.79874	282.30923	283.72702
1213	281.69687	282.64328	283.9574
1214	281.86578	281.97415	282.61057
1215	281.36954	281.22845	282.62476
1216	281.98611	282.21619	284.23538
1217	282.08466	283.10098	283.44321
1218	281.53741	282.31516	282.12885
1219	282.12656	282.53595	281.71152
1220	281.85721	283.29941	282.9408
1221	280.39297	282.58014	283.34219
1222	281.48376	282.17908	282.21274
1223	281.97433	282.23773	282.50143
1224	280.50604	281.7355	283.21805
1225	281.7771	282.56558	282.29068
1226	282.35452	282.9425	282.05539
1227	281.25439	282.14078	283.69296
1228	281.84433	282.89041	282.75842
1229	281.96603	282.69867	281.11896
1230	279.88385	280.99265	281.2511
1231	278.79767	280.29495	281.57788
1232	280.1889	281.28464	280.56912
1233	280.7789	281.23801	281.28708
1234	280.17368	280.43625	281.45065
1235	281.06427	281.49713	281.0712
1236	281.41678	281.17877	281.28757
1237	280.9758	280.24362	281.49643
1238	281.19711	280.89008	282.27078
1239	281.27417	281.58353	282.17044
1240	281.26047	280.6358	280.95422
1241	281.97186	281.4957	281.47961
1242	281.96487	282.04559	282.56802
1243	280.49005	281.20969	282.07217
1244	281.24905	281.56213	281.54062
1245	281.50244	281.65985	283.17709
1246	281.01523	280.9039	282.01392
1247	281.26587	281.73837	280.73532
1248	281.10574	282.44489	281.68298
1249	280.1398	282.46991	281.80399
1250	280.3197	283.10526	280.42163
1251	281.33328	282.32819	280.28036
1252	280.88156	281.06235	281.1142
1253	280.53809	282.2464	280.65628
1254	281.00079	282.18457	281.26279
1255	280.51187	280.72131	281.74881
1256	280.40982	281.57413	280.83487
1257	281.05731	282.79953	281.10196
1258	280.83252	281.88394	280.28043
1259	278.65952	280.27469	279.86603
1260	278.15207	280.77307	280.14679
1261	278.29736	280.60532	280.08887
1262	277.83502	279.06943	279.09402
1263	278.47949	279.95779	278.89023
1264	277.76114	280.29117	280.03177
1265	277.92834	279.814	279.36307
1266	278.86624	280.29816	278.54791
1267	279.22668	280.21509	279.7529
1268	278.64511	280.11011	280.38403
1269	278.73245	282.18311	279.23615
1270	279.9332	281.94034	279.80844
1271	279.69556	279.90756	280.40262
1272	278.63211	279.97162	278.68588
1273	279.24097	280.69186	278.4285
1274	279.34058	280.25262	279.88629
1275	278.23264	280.61163	279.39539
1276	278.66537	281.15424	277.98068
1277	280.63156	280.16721	278.24063
1278	280.0347	280.12607	279.49078
1279	278.65799	281.16931	279.27533
1280	280.06711	280.91025	279.33475
1281	280.31482	280.04343	279.0957
1282	279.32462	279.89438	278.77859
1283	280.82816	281.31424	279.25186
1284	280.30762	281.13995	279.52808
1285	279.22064	279.45746	279.23035
1286	280.39139	278.87677	277.9007
1287	280.07675	279.91415	278.94986
1288	278.96149	279.53323	279.55774
1289	278.34015	278.77087	278.58221
1290	277.40262	278.77899	277.73584
1291	278.27921	279.19327	278.54617
1292	279.63766	279.73007	278.49133
1293	279.51456	279.54919	279.33978
1294	279.58212	279.83994	280.00345
1295	279.53424	280.16248	278.95316
1296	279.15414	279.38214	278.38629
1297	278.94815	279.02078	278.99234
1298	279.03079	279.30807	277.92932
1299	279.77975	279.13068	277.56241
1300	278.80527	280.09543	279.07883
1301	278.37509	280.26102	278.98795
1302	278.79303	279.4263	277.89188
1303	279.64282	279.87247	277.83932
1304	278.60202	279.68912	278.3717
1305	278.33075	279.25351	279.1351
1306	279.41647	278.68423	279.34909
1307	279.41983	279.14099	278.76584
1308	278.13818	280.90939	278.75308
1309	278.37506	280.397	279.76117
1310	280.24503	279.38492	279.00992
1311	279.91055	279.82776	277.78967
1312	278.94028	279.99835	278.46817
1313	279.36996	278.99112	279.91003
1314	280.15189	280.65311	279.54288
1315	280.02374	281.21326	279.20322
1316	279.6785	280.28531	278.99741
1317	279.81699	279.29846	279.61047
1318	279.94482	280.20108	279.25745
1319	280.74109	281.02249	278.5611
1320	280.26434	279.75793	278.88336
1321	279.54718	279.70956	279.35654
1322	279.58203	281.09653	279.37708
1323	280.15115	280.41916	279.11557
1324	280.16129	278.84561	279.14835
1325	280.29959	279.78293	279.18167
1326	280.52127	280.70084	278.98563
1327	279.49442	280.77182	278.20981
1328	279.23007	280.61044	278.30899
1329	280.00897	280.36935	278.31348
1330	280.45157	280.3063	278.31839
1331	278.94556	281.07016	279.7132
1332	278.7211	281.16568	279.66977
1333	279.50018	279.40677	278.5325
1334	279.48389	279.84671	280.19284
1335	278.90292	280.46198	280.1416
1336	279.40714	279.31894	278.51285
1337	280.06534	279.56015	277.7084
1338	279.11282	279.93069	278.80319
1339	279.69708	279.19766	278.76834
1340	281.62775	279.25491	278.54449
1341	280.61975	279.60565	278.89105
1342	278.87366	279.88666	278.32626
1343	279.65115	279.41321	277.59207
1344	280.23822	278.0524	278.19943
1345	279.77151	278.39954	278.93735
1346	280.01031	279.33316	279.41855
1347	280.31177	279.83212	280.95752
1348	279.22836	278.95361	280.36432
1349	279.75037	278.61081	278.82715
1350	280.39383	279.53217	279.42038
1351	279.66437	279.77249	280.19363
1352	280.98514	279.37909	280.28079
1353	280.66803	280.84576	280.10715
1354	279.43466	280.88565	279.70483
1355	279.7345	279.66589	279.05139
1356	280.30301	280.42566	279.27911
1357	280.04266	280.41843	280.32333
1358	281.08588	279.32782	280.29831
1359	281.45004	279.52231	279.32077
1360	280.38583	280.5242	280.06931
1361	281.02478	280.50235	280.36191
1362	281.42337	279.68323	278.2865
1363	282.0321	280.64847	279.1254
1364	281.09079	280.96518	279.55988
1365	280.81918	280.13422	278.60376
1366	280.92508	280.0466	278.84644
1367	280.74527	281.64838	280.08231
1368	281.55466	281.43997	279.48505
1369	281.59335	279.73172	278.65488
1370	280.05679	279.73087	279.95514
1371	279.78781	280.561	280.21283
1372	280.05646	278.99359	278.5408
1373	279.75778	279.5155	278.91788
1374	280.94241	280.34515	280.80432
1375	280.40891	279.81161	279.87076
1376	279.41483	280.45175	278.91599
1377	279.3895	281.04721	280.27869
1378	280.26694	279.70923	280.75946
1379	279.82535	279.98962	279.99539
1380	279.65353	281.13654	280.72318
1381	280.06592	280.82297	280.94876
1382	280.45816	280.04321	280.06619
1383	280.44418	280.90189	280.3573
1384	280.36008	281.11655	281.1492
1385	280.7067	279.93289	281.15402
1386	280.89438	279.647	280.46469
1387	281.10349	281.67694	281.64194
1388	280.97232	281.10864	280.89456
1389	279.99002	279.58316	279.9953
1390	279.98715	280.01105	279.70322
1391	280.4299	281.8898	280.33279
1392	278.89346	280.83795	280.36624
1393	278.27884	279.95386	280.76038
1394	279.4895	280.89774	281.09659
1395	280.07382	281.6658	280.45575
1396	280.13913	280.61835	278.81747
1397	279.7858	281.35226	279.00677
1398	279.60056	282.1478	279.58835
1399	279.53214	281.46545	280.08725
1400	279.94937	280.88803	280.54495
1401	280.75589	281.14325	280.4866
1402	280.27017	280.6665	279.85904
1403	280.04874	280.30307	280.28708
1404	280.82004	280.62659	280.64749
1405	280.79196	281.21823	279.97934
1406	279.37924	280.73035	280.642
1407	279.42606	280.73941	281.10461
1408	280.14658	281.4964	280.79129
1409	280.76328	280.73929	279.54144
1410	281.00916	279.80875	279.3858
1411	280.22617	281.03293	280.38705
1412	279.40588	280.88184	280.1478
1413	280.52432	278.76364	279.23218
1414	280.74057	279.6044	280.50479
1415	280.26724	280.13718	280.38675
1416	281.10944	278.6973	280.73141
1417	279.952	279.34769	280.90585
1418	279.05533	281.41586	281.0874
1419	279.26096	280.50195	280.15405
1420	280.03989	279.48566	279.82413
1421	280.13571	281.05392	279.97079
1422	281.42691	280.52481	279.07245
1423	280.69577	279.19608	279.09152
1424	279.1384	279.35074	279.50589
1425	279.03622	280.20343	278.43277
1426	279.61792	280.18246	278.15128
1427	278.73087	280.58987	279.55655
1428	279.48361	281.18332	280.16971
1429	279.79782	280.52661	278.73691
1430	278.80215	280.49081	279.23682
1431	279.28867	281.23645	279.81943
1432	279.54965	280.83762	279.3501
1433	278.78989	279.87915	279.63297
1434	278.93454	279.76434	279.52432
1435	279.76242	279.82236	279.81857
1436	280.46295	280.15878	280.12729
1437	279.59299	279.61923	280.16492
1438	278.83249	279.7442	279.84418
1439	279.58884	281.25266	279.19376
1440	280.3576	280.94949	279.03061
1441	280.34586	279.93942	279.71634
1442	280.32706	279.20529	279.21024
1443	280.41336	280.24515	278.26486
1444	279.64743	279.54776	279.62863
1445	279.94833	278.3447	279.76846
1446	279.51672	278.83066	277.93173
1447	278.61142	279.58459	277.4317
1448	279.21545	278.76328	278.95865
1449	278.95117	279.01297	278.72055
1450	278.27347	279.28445	277.87524
1451	278.58344	278.72806	278.21848
1452	279.75885	279.33615	278.82059
1453	279.82944	279.18335	277.84485
1454	279.83572	278.39694	277.94699
1455	279.8313	278.80966	279.05145
1456	278.50101	278.95187	278.60458
1457	277.37436	276.83008	277.90805
1458	277.42432	275.87198	277.63733
1459	276.73608	276.29666	276.18054
1460	276.47018	275.47635	275.73215
1461	276.82855	276.05179	276.478
1462	277.8461	277.01605	277.47092
1463	277.51944	276.81439	276.95346
1464	276.89584	276.74286	277.19455
1465	277.40845	277.35278	278.54578
1466	278.19775	277.7301	277.9632
1467	278.07999	276.87936	277.10489
1468	276.8877	277.66071	277.42557
1469	277.48349	278.23859	277.1235
1470	278.23495	277.61295	276.03177
1471	276.74594	277.45227	276.44986
1472	277.11221	278.75394	277.3602
1473	278.90308	278.34549	277.21286
1474	278.29654	276.8259	277.07602
1475	277.58743	277.46066	278.07944
1476	278.61395	278.02133	277.80374
1477	279.1163	276.65735	277.05392
1478	277.67996	277.81033	277.29443
1479	277.31357	278.35864	277.06909
1480	278.10477	277.43478	277.24362
1481	278.1113	276.97208	277.87726
1482	277.55038	277.38467	278.77841
1483	278.80435	277.82797	279.17352
1484	278.82272	277.01978	278.78143
1485	277.73529	277.05844	277.65909
1486	278.99893	277.97821	278.2388
1487	278.98993	277.89908	278.9024
1488	278.25204	276.69003	277.58011
1489	278.98764	276.3894	277.01996
1490	279.40018	277.81506	278.20508
1491	279.04327	278.02008	279.27792
1492	279.64462	276.82718	278.43484
1493	279.80954	277.64877	277.98306
1494	278.33435	278.26587	278.59134
1495	279.43408	277.19064	278.04752
1496	280.17468	277.84775	277.86575
1497	279.02045	278.52188	278.37906
1498	278.75638	278.04144	278.73157
1499	279.06009	277.07913	278.19662
1500	279.82877	277.45999	277.26154
1501	279.81223	279.03232	277.51285
1502	278.74631	278.46933	278.39935
1503	279.67514	277.71078	277.63568
1504	280.58301	278.57736	276.6279
1505	279.2771	278.81137	277.98779
1506	278.32089	277.48062	278.74548
1507	278.4465	277.07053	278.31549
1508	279.78818	279.23825	278.48141
1509	279.50073	279.41925	278.60596
1510	278.72095	277.86667	278.24252
1511	278.98657	277.70126	279.57159
1512	279.20093	278.18497	279.72098
1513	278.44312	278.04388	279.58981
1514	277.92844	278.55991	280.19174
1515	278.38498	279.10815	280.80597
1516	280.08871	277.81888	279.23611
1517	279.77118	278.02289	278.36502
1518	278.26746	278.57605	278.96097
1519	279.71664	278.58896	279.26633
1520	279.67996	277.88223	278.8407
1521	278.28387	279.57028	279.3179
1522	279.5914	279.43024	279.88989
1523	279.91138	278.65121	279.63315
1524	278.31757	279.49924	278.53333
1525	278.27792	279.73331	278.40927
1526	279.4028	278.9035	278.76413
1527	279.25104	279.69107	279.259
1528	278.4295	279.362	278.45444
1529	279.46506	278.55307	278.39896
1530	279.65979	279.69049	279.2739
1531	278.29529	280.04562	278.85904
1532	278.88742	277.9205	278.51178
1533	279.36093	277.86072	279.64267
1534	278.87296	279.37814	279.57852
1535	279.69138	279.6666	278.80167
1536	280.46439	279.07767	279.55646
1537	280.23471	279.35529	279.3103
1538	279.29196	279.9458	278.25729
1539	279.40048	279.63977	278.57077
1540	279.95578	279.03973	278.97034
1541	279.42477	280.19077	277.94626
1542	280.6022	280.21893	278.83762
1543	279.90274	279.3588	279.33847
1544	278.03281	279.15414	278.31226
1545	278.77725	278.72092	279.15247
1546	279.50748	277.79178	279.76028
1547	279.24323	277.92441	278.41043
1548	279.65262	278.01508	278.31528
1549	280.16159	278.26028	279.25681
1550	279.6976	278.80234	279.38608
1551	279.84479	279.83755	278.62204
1552	279.54031	279.21185	278.29706
1553	279.52435	278.34393	278.95694
1554	279.81839	279.21875	279.0144
1555	279.66397	279.47525	278.4519
1556	280.21475	278.38852	278.65701
1557	280.33597	278.67313	279.07559
1558	279.32642	278.92166	279.14566
1559	279.30463	277.81088	278.49976
1560	279.59796	278.29178	277.81989
1561	278.798	279.53906	277.47217
1562	278.89789	280.30276	278.58133
1563	279.66785	279.53589	279.65866
1564	278.91614	278.58066	278.45709
1565	278.14606	278.65332	278.3118
1566	278.51004	279.2695	279.90799
1567	278.82388	279.0687	278.75125
1568	278.74341	277.27982	278.5585
1569	278.83514	277.02527	279.12543
1570	277.60062	277.91751	279.85855
1571	277.89771	278.19601	280.0015
1572	279.51596	277.91138	279.23193
1573	279.3577	278.47168	278.92496
1574	278.3233	279.24496	279.76962
1575	278.74423	279.47928	280.3064
1576	279.64157	279.18655	278.5701
1577	278.40585	278.46942	278.03055
1578	278.16116	277.76605	278.57037
1579	279.94656	278.65262	277.29727
1580	279.11502	278.52786	276.88297
1581	278.03879	277.00357	278.28534
1582	279.15115	276.51633	277.81531
1583	279.04471	278.30002	276.56766
1584	278.30576	278.94165	277.38263
1585	278.71301	277.67072	278.14066
1586	280.23892	278.3074	278.32297
1587	279.46341	279.27798	278.33185
1588	279.11258	279.05289	277.71628
1589	279.28958	277.49326	278.75339
1590	278.61514	278.13507	279.159
1591	279.51816	279.46347	277.83121
1592	280.32126	278.55878	277.32187
1593	279.14182	277.9321	278.48755
1594	279.07236	278.32516	278.57419
1595	279.32813	279.48505	277.48157
1596	278.83447	279.43747	277.35294
1597	278.7103	278.01956	277.90256
1598	278.92001	278.74677	277.34415
1599	278.05188	279.82693	277.48184
1600	278.24551	278.68472	278.2211
1601	279.25812	278.96725	279.19531
1602	278.84082	279.61972	279.72336
1603	278.17621	278.16061	279.04031
1604	278.86914	278.18994	278.51053
1605	279.42068	279.55786	278.59958
1606	278.71109	279.18228	279.10797
1607	278.59488	278.2789	279.0845
1608	279.18527	279.08682	278.71921
1609	278.94528	278.93588	278.46878
1610	279.32687	278.19406	279.31107
1611	280.65915	277.8103	279.93973
1612	280.23016	278.97891	279.33536
1613	280.0162	279.20123	278.80606
1614	281.13724	278.52292	279.13031
1615	280.27353	278.18576	280.25369
1616	279.63687	278.45816	279.58804
1617	279.8649	278.20847	278.49875
1618	280.70853	278.23874	279.35388
1619	281.02707	278.47415	279.57553
1620	280.6781	278.37793	278.74576
1621	281.38229	278.54538	277.90204
1622	281.77734	279.10666	278.86679
1623	280.24835	278.82559	278.88107
1624	280.55319	278.16196	278.20306
1625	280.08994	279.20996	279.22592
1626	279.15982	279.79404	280.28152
1627	279.77448	279.06143	279.27469
1628	280.22324	279.24976	279.28583
1629	280.53693	279.3591	279.49612
1630	280.23178	279.57547	279.3045
1631	280.3826	279.42172	279.64923
1632	280.78531	279.92032	279.53568
1633	281.08127	279.80811	278.98297
1634	279.96878	279.83536	278.86801
1635	280.01346	280.46616	279.5127
1636	281.1503	280.51682	279.64279
1637	280.23752	279.93323	279.39862
1638	279.61508	279.96088	280.27823
1639	279.53622	280.4212	280.17191
1640	279.30612	278.95956	280.61819
1641	279.36917	278.89664	280.13876
1642	280.33606	280.37787	279.52097
1643	280.26956	280.25784	279.3634
1644	278.81186	278.8103	278.39987
1645	278.94748	279.58014	278.40186
1646	279.31677	279.02274	279.13925
1647	279.10593	278.24875	279.59323
1648	278.98749	279.95963	278.78201
1649	279.16238	280.08081	278.49039
1650	279.23346	279.14597	278.98386
1651	279.03351	278.84827	279.2944
1652	279.40134	280.06754	278.7933
1653	280.14288	280.41013	279.17126
1654	280.19498	279.07999	279.68143
1655	279.81891	278.69876	279.1958
1656	280.43887	279.76367	279.35559
1657	281.43533	279.61398	279.50143
1658	281.24576	279.21399	278.33578
1659	280.04971	279.06009	278.21634
1660	280.93909	279.7164	278.8399
1661	281.40424	279.57681	277.82678
1662	280.65286	280.22702	277.32867
1663	280.32608	279.93457	278.32504
1664	281.80142	279.98346	279.61984
1665	282.24979	280.44797	279.35016
1666	281.15073	279.99579	278.92282
1667	279.83572	279.78983	279.53827
1668	279.61993	279.42859	279.17972
1669	280.5517	278.16119	280.302
1670	280.56351	278.90256	280.27408
1671	279.8364	279.18771	278.6163
1672	280.45297	278.52603	278.8735
1673	280.22607	278.43277	279.37366
1674	279.82883	279.17343	279.49557
1675	279.62326	278.50851	278.5531
1676	278.98404	277.39658	277.57532
1677	278.97058	277.53842	278.80365
1678	280.86484	278.41794	279.18127
1679	280.94803	279.43237	277.76926
1680	280.05203	278.20798	278.15741
1681	279.46304	277.9733	279.90591
1682	279.81876	278.33835	279.69296
1683	280.14279	277.53488	279.18527
1684	279.32999	278.00641	279.31473
1685	278.23111	278.52417	278.57507
1686	278.94131	277.48621	278.75705
1687	279.80029	276.95697	279.93463
1688	278.86139	278.69321	279.09332
1689	278.65848	278.49069	277.96259
1690	280.72665	277.88535	278.8985
1691	280.46457	278.26822	278.93445
1692	278.17404	278.33347	278.28119
1693	278.6394	278.10547	278.71799
1694	279.31345	278.9194	279.88544
1695	277.99399	278.43185	279.58896
1696	277.84491	278.00333	278.2782
1697	278.02646	279.02029	279.06149
1698	277.61493	278.84091	279.28058
1699	276.9274	277.31223	278.15094
1700	278.2157	277.71216	277.38553
1701	278.72653	279.32275	277.78583
1702	277.83011	277.83163	278.45636
1703	278.7565	278.34082	277.68661
1704	279.60837	278.99823	277.60855
1705	278.41281	278.80341	277.96747
1706	278.7916	280.23932	278.24789
1707	278.76065	278.69687	278.14377
1708	277.81717	277.04446	279.49612
1709	279.48923	277.95853	278.84467
1710	279.35892	278.57932	278.51276
1711	278.77786	277.70459	279.57498
1712	279.25726	278.42136	280.73257
1713	279.56967	280.05106	279.32523
1714	278.4812	278.90311	278.41312
1715	279.01254	278.77847	279.32242
1716	279.90863	278.79236	279.26111
1717	280.08432	279.38297	278.93784
1718	279.13031	280.49612	280.42947
1719	279.56985	280.76422	280.06229
1720	279.48309	280.25461	279.61807
1721	278.88892	280.716	280.16623
1722	278.27515	280.71927	279.52359
1723	279.23734	279.4252	278.8591
1724	280.04367	278.76395	280.0058
1725	279.52414	279.7496	279.83719
1726	279.29846	280.62509	279.04221
1727	280.30823	280.49893	279.77777
1728	280.06747	280.12775	280.32993
1729	279.5668	280.78616	279.14297
1730	279.87961	280.733	279.89389
1731	280.05011	282.02243	281.0968
1732	280.55313	281.54916	279.78073
1733	280.55917	280.15015	279.40634
1734	279.67191	280.71793	279.77213
1735	280.39273	280.87302	279.92496
1736	280.10071	279.74313	281.34964
1737	280.3096	279.85321	282.02457
1738	280.85251	280.30203	280.92212
1739	281.38766	280.2731	280.30511
1740	281.21072	280.37686	281.02167
1741	281.65344	281.57471	281.55811
1742	281.99924	281.21811	281.85727
1743	281.04733	280.65256	281.23648
1744	280.36508	281.59802	280.98486
1745	280.7446	280.94882	281.07169
1746	280.89682	280.39093	281.51617
1747	280.96497	280.51877	281.42346
1748	281.75494	281.07855	282.02029
1749	282.08316	280.73099	282.1777
1750	281.7699	281.63077	282.40646
1751	282.65524	283.36093	282.44882
1752	282.62692	283.13797	280.73901
1753	280.94305	281.37643	281.49484
1754	280.62518	281.93405	283.09137
1755	281.4379	282.02798	283.17709
1756	281.58426	281.02716	283.21185
1757	281.53226	280.86069	283.12558
1758	281.38004	280.86279	281.87842
1759	281.61072	281.35333	282.37747
1760	281.83197	281.9700	283.32132
1761	282.08572	281.33871	282.54773
1762	283.40976	282.11758	281.52652
1763	282.75009	282.66589	282.38345
1764	281.14096	281.69116	283.89877
1765	281.63309	281.43719	283.77103
1766	282.49759	282.02298	282.52594
1767	281.34747	281.51376	282.5777
1768	282.35339	281.38162	283.40225
1769	282.68762	282.11319	282.69107
1770	282.00449	282.57153	282.95215
1771	282.91379	282.08636	283.74765
1772	283.23511	282.32895	283.65536
1773	283.1568	282.77158	283.66959
1774	283.41141	282.22519	283.94708
1775	283.08197	282.43015	283.99039
1776	282.98856	282.87033	284.60257
1777	283.61273	283.29544	283.67691
1778	282.87411	283.32877	282.63153
1779	281.87656	282.9256	283.80551
1780	282.37033	282.47433	284.15512
1781	282.75436	283.54199	283.66025
1782	282.74271	283.228	284.37732
1783	282.63589	283.13809	284.77875
1784	283.44186	283.76556	284.04285
1785	283.26956	283.15222	283.71652
1786	283.0567	282.50348	284.22098
1787	284.02228	283.02676	284.03082
1788	284.04385	283.59595	284.69186
1789	282.76761	283.44507	284.5574
1790	283.48831	283.48193	283.60376
1791	283.89322	283.43631	283.84805
1792	282.62299	283.72705	284.27866
1793	282.6394	283.79855	283.06537
1794	284.07999	283.09006	284.55423
1795	283.76389	283.85147	285.15381
1796	282.52011	284.13065	284.12073
1797	283.36346	283.22357	283.40298
1798	283.94928	282.49295	284.44202
1799	284.41858	283.48929	285.12793
1800	285.61975	284.02338	284.23526
1801	284.68182	283.21805	284.04578
1802	283.62436	282.45187	285.00143
1803	284.57077	283.04642	284.58771
1804	284.4155	282.66397	283.72208
1805	283.70209	281.67447	284.2796
1806	284.64975	282.24026	284.56979
1807	284.07413	283.21725	283.86221
1808	284.28616	282.71701	284.12384
1809	285.23444	282.17606	284.63144
1810	283.98712	282.4711	284.16342
1811	282.65134	282.12344	283.60776
1812	283.2804	281.87579	282.87234
1813	283.28738	282.49274	282.66727
1814	282.25742	283.35458	283.95541
1815	282.65561	282.94196	283.68851
1816	282.86276	281.34998	282.6561
1817	281.44843	279.77457	282.45386
1818	281.36337	280.2095	282.16879
1819	281.97827	281.22134	281.47397
1820	280.94315	280.68066	281.49219
1821	280.81168	279.62723	281.57663
1822	281.4725	281.00876	281.01398
1823	281.14578	281.64188	280.77536
1824	282.05048	280.33694	281.72867
1825	281.81812	280.65219	282.10379
1826	281.61057	281.66437	281.42844
1827	282.60477	281.88058	281.54517
1828	281.46082	281.45786	281.77579
1829	281.12476	282.6698	281.39633
1830	282.00558	282.44321	281.9993
1831	282.62357	281.61386	282.14279
1832	281.42868	282.00131	280.70908
1833	281.81638	282.09766	280.42133
1834	283.81174	281.53976	281.56769
1835	283.7251	282.77167	281.64511
1836	281.85626	282.47623	280.98065
1837	281.21768	280.93939	281.32004
1838	282.09146	281.25204	280.80789
1839	281.78482	281.35297	279.63141
1840	281.36862	281.20004	280.37451
1841	282.63501	281.21826	281.2782
1842	282.1597	281.24048	280.6102
1843	281.39035	283.35037	280.49451
1844	282.69852	282.44214	281.28223
1845	283.10529	281.20401	282.05899
1846	281.4588	282.29456	282.96179
1847	281.7446	282.23843	282.02902
1848	282.29352	281.2139	281.84885
1849	281.81033	282.39017	282.24982
1850	282.16589	282.71848	282.80057
1851	283.3129	281.20859	282.99252
1852	282.75345	282.18338	282.98044
1853	282.646	282.72885	283.82584
1854	283.38129	282.94565	284.35101
1855	283.504	284.58987	283.9039
1856	282.81796	284.12802	284.20297
1857	284.0181	282.67429	284.43002
1858	284.36887	284.34811	284.29398
1859	283.97195	284.11179	284.68372
1860	285.25644	283.67496	284.90842
1861	285.40952	285.34048	283.70758
1862	284.7258	284.98532	283.44556
1863	285.00851	284.09811	285.23386
1864	284.74911	285.03537	285.70914
1865	285.80923	285.0354	284.05811
1866	285.86594	283.8819	283.72397
1867	284.71677	285.11179	284.15668
1868	286.11008	285.7438	284.33408
1869	286.1218	284.47943	284.84952
1870	285.15851	284.42838	284.80884
1871	285.27872	284.86563	284.79813
1872	286.20245	284.77762	285.86914
1873	286.18997	285.75879	285.98526
1874	285.79529	286.44727	285.91342
1875	285.86893	285.84842	287.41394
1876	286.05298	285.51889	287.1286
1877	286.19229	286.04648	286.29404
1878	285.60373	285.79337	287.17593
1879	286.5787	286.03314	287.37064
1880	286.95346	287.1467	286.77618
1881	286.37323	287.8765	287.67834
1882	286.79498	287.22076	287.16318
1883	287.19992	286.49393	286.49918
1884	286.58646	286.92062	288.04642
1885	287.28714	288.05441	287.86182
1886	287.6532	287.78751	287.06564
1887	286.90695	286.64136	287.02689
1888	287.00021	286.9292	286.53909
1889	287.23859	286.83362	286.94193
1890	287.03128	286.57211	288.14078
1891	286.64413	288.2291	287.68167
1892	288.18164	288.42593	287.95694
1893	288.85208	287.94864	288.83377
1894	288.1825	287.4729	289.00394
1895	288.58029	288.42853	289.09323
1896	289.36044	290.61978	290.35236
1897	288.4014	290.32315	290.55841
1898	288.20514	289.16159	289.87405
1899	289.82071	290.74335	290.44394
1900	290.03287	290.70987	291.20535
1901	288.74448	290.28256	291.43658
1902	289.32474	291.22549	291.34525
1903	290.06317	291.2197	291.53555
1904	290.44562	291.18442	292.84952
1905	290.72162	290.99289	292.41788
1906	291.33041	291.49179	291.40167
1907	290.38571	292.73813	292.73102
1908	290.98672	292.13376	292.96298
1909	291.93329	292.38116	293.79459
1910	291.72455	293.67712	294.87857
1911	291.8876	293.9082	293.9176
1912	293.07376	293.55157	293.11996
1913	293.36093	295.03445	294.04355
1914	292.98837	295.37537	294.25415
1915	294.06345	294.13376	294.93198
1916	293.71127	294.7955	295.57944
1917	293.06342	295.81866	295.59518
1918	294.16446	295.64465	295.82852
1919	294.67578	295.31271	295.31564
1920	294.14111	295.82925	295.91068
1921	294.32455	295.51407	296.07602
1922	296.2403	295.8602	296.49432
1923	295.92154	295.68814	296.57608
1924	295.24454	296.46347	295.83524
1925	296.66776	296.94281	297.17581
1926	297.2439	296.77228	297.64108
1927	296.61615	297.82077	297.03308
1928	297.87369	300.1163	298.4653
1929	298.20428	299.96756	298.61893
1930	298.95691	298.53555	298.35519
1931	299.68808	299.16483	299.56885
1932	298.71008	299.09152	299.11398
1933	298.83124	298.60034	298.56485
1934	301.13004	299.45197	299.37845
1935	302.08267	299.95883	299.86285
1936	300.48737	299.30795	299.5575
1937	300.13474	300.3237	299.95306
1938	300.66019	301.68695	301.91852
1939	300.8324	302.01517	302.93207
1940	300.63431	301.3605	301.63235
1941	302.811	302.92746	301.6459
1942	302.92355	302.89731	302.67633
1943	302.26968	301.5896	303.5997
1944	303.97696	302.56491	303.47867
1945	304.48114	304.01639	303.64798
1946	303.43448	304.022	304.73135
1947	305.11551	304.64331	304.26126
1948	306.01736	305.43152	305.06317
1949	305.36707	305.39853	306.72153
1950	305.12985	306.16544	307.2514
1951	307.11401	306.88251	306.88794
1952	308.13254	306.2316	307.48483
1953	307.83813	307.13364	308.19131
1954	308.58847	309.06616	307.77713
1955	310.17343	308.97662	308.57693
1956	310.28049	308.40381	310.35767
1957	311.24942	309.5578	311.04541
1958	313.53342	310.60004	310.18796
1959	314.50638	310.74854	312.02274
1960	313.96381	311.70151	312.7283
1961	316.3519	313.74759	313.39389
1962	316.87811	315.18985	315.13507
1963	316.57199	315.64029	314.71756
1964	317.11282	314.39496	316.50565
1965	317.66122	314.60696	317.68881
1966	317.47589	316.06424	317.89432
1967	319.534	316.59586	318.10403
1968	320.15317	316.77298	319.46323
1969	320.74283	318.56686	319.96078
1970	321.75546	320.35074	320.69443
1971	322.78146	320.55887	322.00937
1972	324.12204	320.75348	322.867
1973	324.04349	322.73199	324.23013
1974	326.0867	325.15295	326.60019
1975	326.99854	326.39578	327.13492
1976	327.53625	326.92084	327.22968
1977	328.99808	328.43213	329.75287
1978	330.59015	331.31482	331.22632
1979	331.25833	332.24167	332.52875
1980	332.41141	332.03085	334.61624
1981	333.73788	333.47665	335.44247
1982	335.03073	335.47482	335.20636
1983	335.80164	336.42233	337.01056
1984	335.85562	337.70145	338.04422
1985	337.37091	338.06293	338.8772
1986	339.55826	339.04819	340.11038
1987	339.97696	340.49051	341.03476
1988	340.37323	341.69193	342.44205
1989	343.23068	343.17526	344.39905
1990	344.91528	345.02014	345.06229
1991	346.66592	347.11539	345.21762
1992	348.00586	347.60254	347.49573
1993	348.22449	347.91599	348.08499
1994	349.94666	349.5719	349.09622
1995	352.34167	352.5159	351.83008
1996	353.1705	352.99014	353.73181
1997	354.54211	353.28513	354.62405
1998	355.61111	356.22385	356.81924
1999	357.46695	359.88235	358.20755
2000	359.7738	360.90628	360.06088
2001	361.29858	361.53476	362.41772
2002	362.0925	363.89761	363.19714
2003	363.66858	365.96695	365.44644
2004	365.7428	366.26645	367.98428
2005	367.7872	368.91483	369.44333
2006	369.72876	372.10669	370.96121
2007	372.37512	373.74854	374.0499
2008	375.56116	374.94217	376.15393
2009	378.36154	378.07364	377.46756
2010	380.06812	380.58432	380.60681
2011	381.60294	383.50671	383.7128
2012	384.24527	386.29288	385.05432
2013	387.1011	387.77481	387.80167
2014	388.78983	389.00211	390.44577
2015	390.90274	392.40854	392.60709
2016	393.58676	394.59412	396.10336
2017	396.73853	396.94373	398.52539
2018	399.81375	400.87875	400.20468
2019	402.78101	403.46573	403.10144
2020	406.20877	405.06772	406.58395
2021	408.57629	408.23288	410.32935
2022	411.60391	412.87094	413.16614
2023	416.08093	414.85495	415.42517
2024	417.55969	416.92493	417.9697
2025	419.09387	420.5563	420.41174
2026	423.12967	422.94516	424.66724
2027	427.07596	425.48386	428.42795
2028	430.76584	429.67737	431.34451
2029	434.87888	434.479	435.57153
2030	437.51797	437.23703	438.65579
2031	441.08939	440.64243	440.97336
2032	444.11935	444.79199	444.93161
2033	447.32217	448.05399	449.1832
2034	450.56104	452.2847	451.61899
2035	454.22787	454.81961	453.8136
2036	457.84912	458.1915	458.34216
2037	462.75781	462.36148	462.51724
2038	465.04642	464.53015	466.28064
2039	467.45963	468.45132	470.91895
2040	472.12259	472.72934	476.60501
2041	475.52628	476.57336	478.71216
2042	478.30664	480.15283	480.92032
2043	481.75058	482.84116	485.30322
2044	485.34402	487.32181	489.08145
2045	489.10925	491.04343	492.85156
2046	493.11121	494.16629	497.09805
2047	497.75159	496.96695	499.608
2048	502.14294	501.23691	504.10501
2049	505.02817	504.97672	509.4418
2050	509.9928	508.69312	512.3324
2051	514.08057	512.50208	515.26373
2052	516.57214	516.22198	520.36731
2053	521.11713	520.38678	525.3559
2054	524.81018	524.6059	527.62592
2055	527.39441	528.26837	531.16132
2056	531.95392	532.4624	534.75787
2057	536.23706	537.13611	538.21143
2058	540.1972	539.61713	542.3772
2059	544.76178	543.43402	546.22876
2060	546.77521	548.08868	549.62634
2061	550.39709	550.42828	553.15625
2062	553.74298	553.41663	558.49957
2063	557.37109	557.32709	561.45056
2064	564.03345	560.51031	564.19922
2065	567.42206	566.24493	568.1922
2066	570.36298	568.80743	570.82013
2067	573.76062	571.30835	574.91022
2068	577.8905	574.99652	578.99432
2069	583.02533	578.89368	582.87549
2070	586.94977	583.04132	587.9892
2071	589.14441	585.86505	590.16486
2072	591.91437	590.38287	593.61621
2073	595.95496	594.11304	597.05566
2074	600.61011	597.94867	600.50128
2075	602.94196	603.24744	603.55658
2076	606.63947	606.34369	607.54987
2077	611.37073	610.76263	611.12225
2078	614.41998	613.66925	614.55127
2079	618.70984	617.6427	618.30341
2080	622.56232	622.09607	621.60559
2081	625.82373	624.43622	625.73633
2082	629.20306	628.31396	627.86298
2083	632.41595	631.96948	630.82361
2084	636.96857	636.80334	635.46271
2085	641.87805	639.07147	638.13593
2086	644.82019	643.08447	642.61414
2087	648.75922	646.45844	645.83313
2088	652.47162	650.68457	649.63818
2089	655.04199	653.73724	653.34521
2090	658.93353	656.70966	656.7923
2091	662.44293	659.21118	660.48651
2092	664.51996	663.50592	664.74939
2093	669.46667	666.62128	668.79181
2094	672.633	670.24628	671.16351
2095	675.31787	673.00189	674.9483
2096	678.50104	676.74017	678.68829
2097	681.45227	680.92664	681.44794
2098	684.88989	684.02002	685.15851
2099	688.3089	687.06445	689.19354
2100	690.58417	690.43091	691.31061

